1682419540002 1.351780855450137 1
1682419585060 1.300302054347663 2
1682419629252 1.295556803201807 3
1682419672465 1.2897453750001973 4
1682419733059 1.2871765422409978 5
1682419775476 1.2904471868071064 6
1682419817282 1.2809030444457614 7
1682419860073 1.2815186864343182 8
1682419901760 1.2736811977008293 9
1682419942502 1.2719738956155449 10
1682419983641 1.2732252046979706 11
1682420024921 1.2668301319253856 12
1682420064927 1.2609240381882107 13
1682420105648 1.2600996689549808 14
1682420145380 1.2554718882873142 15
1682420185634 1.2525147713463882 16
1682420225807 1.2511202590218906 17
1682420265592 1.2405924797058105 18
1682420304766 1.2364511469314838 19
1682420343470 1.2304025056033299 20
1682420383096 1.2249383474218434 21
1682420422637 1.218626248939284 22
1682420462122 1.2125712787282878 23
1682420502462 1.2070170666637092 24
1682420542638 1.2012957293411781 25
1682420584085 1.195735613847601 26
1682420623549 1.1894071672497124 27
1682420662062 1.1803620447372567 28
1682420701274 1.170607573513327 29
1682420740645 1.161619690471682 30
1682420779898 1.1622021234241025 31
1682420819284 1.1393320986936832 32
1682420858942 1.1476983828791256 33
1682420898490 1.1348816716465457 34
1682420937706 1.1278657455896508 35
1682420976516 1.1242740133713032 36
1682421023520 1.1115516670818986 37
1682421070366 1.117758909689969 38
1682421109790 1.1096805154249585 39
1682421148927 1.1100798521576256 40
1682421188519 1.0931650333363434 41
1682421228926 1.1002604324242165 42
1682421267276 1.099389320817487 43
1682421307280 1.0934973009701432 44
1682421345877 1.088850111283105 45
1682421384849 1.081487586786007 46
1682421425294 1.0875318882794216 47
1682421464482 1.0819880530751984 48
1682421503761 1.0900567785419266 49
1682421544980 1.0895449961053914 50
