1683448195238 0.4046600095102235 0
1683448752196 0.46481217308606754 0
1683449308255 0.4914407988587732 0
1683449865121 0.4909652876842606 0
1683450422572 0.5099857346647646 0
1683450979810 0.5152163575844032 0
1683451536056 0.5280551592962435 0
1683452093856 0.5494531621493105 0
1683452650961 0.5556348074179743 0
1683453208787 0.5589633856395625 0
1683453765039 0.5784593437945792 0
1683454322056 0.5760817879220161 0
1683454878613 0.5858297669995245 0
1683455434384 0.5993818354731336 0
1683455990896 0.6110318592486924 0
1683456547831 0.60603899191631 0
1683457104307 0.6217308606752259 0
1683457660972 0.628150261531146 0
1683458217408 0.6348074179743224 0
1683458772829 0.6440798858773181 0
1683459330320 0.64075130765573 0
1683459886633 0.6426533523537803 0
1683460443972 0.6464574417498812 0
1683460999751 0.6557299096528768 0
1683461555466 0.6607227769852592 0
1683462112136 0.6583452211126962 0
1683462669003 0.6757013789824061 0
1683463224938 0.6723728007608178 0
1683463781038 0.6778411792677128 0
1683464337209 0.6842605801236329 0
1683464893702 0.6932952924393724 0
1683465448638 0.6970993818354732 0
1683466005062 0.6987636709462672 0
1683466560113 0.7020922491678555 0
1683467116894 0.714455539705183 0
1683467672851 0.7120779838326201 0
1683468228005 0.7353780313837376 0
1683468783463 0.7330004755111745 0
1683469339988 0.7472658107465525 0
1683469895240 0.7303851640513552 0
1683470450964 0.7486923442700903 0
1683471005887 0.7560627674750356 0
1683471561331 0.7496433666191156 0
1683472116832 0.7591535901093676 0
1683472672075 0.7779362815026153 0
1683473227593 0.768188302425107 0
1683473783145 0.7834046600095103 0
1683474338595 0.7910128388017119 0
1683474894348 0.7931526390870186 0
1683475449963 0.8067047075606277 0
1683476006935 0.8024251069900142 0
1683476562454 0.8133618640038042 0
1683477117826 0.8152639087018545 0
1683477674960 0.8254873989538755 0
1683478230636 0.8423680456490727 0
1683478785719 0.8563956252971945 0
1683479341790 0.8523537803138374 0
1683479897197 0.8604374702805516 0
1683480452889 0.8635282929148835 0
1683481008053 0.87018544935806 0
1683481563686 0.8842130290061817 0
1683482119795 0.891583452211127 0
1683482674982 0.8851640513552069 0
1683483229474 0.8777936281502615 0
1683483785364 0.886115073704232 0
1683484341590 0.8941987636709463 0
1683484896694 0.9039467427484547 0
1683485452489 0.9117926771279126 0
1683486007503 0.923204945316215 0
1683486563083 0.9303376129339039 0
1683487118697 0.932715168806467 0
1683487674011 0.9369947693770804 0
1683488229280 0.9436519258202568 0
1683488784119 0.9465049928673324 0
1683489339464 0.9495958155016643 0
1683489894326 0.9512601046124585 0
1683490448323 0.9486447931526392 0
1683491003852 0.959581550166429 0
1683491558034 0.9583927722301474 0
1683492113372 0.9698050404184498 0
1683492668078 0.9648121730860676 0
1683493223382 0.969091773656681 0
1683493778389 0.9759866856871137 0
1683494332674 0.9728958630527818 0
1683494887267 0.9695672848311936 0
1683495442992 0.9828815977175464 0
1683495996982 0.9764621968616263 0
1683496553717 0.9790775083214456 0
1683497109311 0.9805040418449834 0
1683497663412 0.9724203518782691 0
1683498218423 0.9610080836899667 0
1683498773480 0.9774132192106515 0
1683499328410 0.9862101759391346 0
1683499883530 0.9845458868283405 0
1683500439016 0.990489776509748 0
1683500993668 0.9900142653352354 0
1683501550343 0.988112220637185 0
1683502106062 0.990489776509748 0
1683502661814 0.9859724203518783 0
1683503217041 0.9969091773656681 0
