1683448195234 1.396929750542271 0
1683448752195 1.2041606893156236 0
1683449308254 1.1490119084595387 0
1683449865118 1.1298399529058027 0
1683450422568 1.1062345245992122 0
1683450979808 1.0533912831184924 0
1683451536054 1.0592751944569594 0
1683452093854 1.0101355030828014 0
1683452650959 0.9858678219945329 0
1683453208786 0.9851114481219891 0
1683453765037 0.963355269876481 0
1683454322054 0.9554450512499226 0
1683454878611 0.9340965173327237 0
1683455434383 0.9243191855610182 0
1683455990893 0.8827209453950084 0
1683456547829 0.8905327794271823 0
1683457104305 0.8581714994046895 0
1683457660971 0.8583045472318764 0
1683458217405 0.840800513483715 0
1683458772827 0.8216998840704794 0
1683459330317 0.8191548634641124 0
1683459886630 0.8163625749303679 0
1683460443971 0.8074108028321169 0
1683460999748 0.787562384755057 0
1683461555464 0.7779447112942784 0
1683462112133 0.771021044826825 0
1683462669000 0.7523059972512739 0
1683463224936 0.7535778096727797 0
1683463781035 0.7428486019273741 0
1683464337207 0.7407060031430585 0
1683464893700 0.7073215084080463 0
1683465448637 0.7122736292343393 0
1683466005060 0.6939093770438923 0
1683466560112 0.6837585408291927 0
1683467116892 0.6687223315238953 0
1683467672849 0.6496272846113995 0
1683468228002 0.6303819820136044 0
1683468783460 0.634475128315088 0
1683469339986 0.608893927765981 0
1683469895239 0.6304759647780467 0
1683470450961 0.595327988670828 0
1683471005885 0.5908217459874554 0
1683471561329 0.5958655918149001 0
1683472116829 0.5843263993334669 0
1683472672071 0.5351203514233805 0
1683473227591 0.5502491514568265 0
1683473783142 0.522104188353461 0
1683474338593 0.5141913182271757 0
1683474894346 0.49918806598235244 0
1683475449961 0.4949301890338028 0
1683476006932 0.4862742754699387 0
1683476562450 0.44598898241279583 0
1683477117824 0.462450017464399 0
1683477674958 0.44078232848922017 0
1683478230635 0.4181503397591954 0
1683478785717 0.3895129593664048 0
1683479341788 0.3878287393608606 0
1683479897193 0.36979648908950064 0
1683480452886 0.35894662136131394 0
1683481008051 0.34544896067280007 0
1683481563684 0.31114348343516385 0
1683482119792 0.2884532491181841 0
1683482674980 0.2851999743965145 0
1683483229472 0.33024155599372024 0
1683483785361 0.3074962959487099 0
1683484341588 0.2632298507425213 0
1683484896690 0.2520684333078836 0
1683485452487 0.25475283878396165 0
1683486007501 0.21023300472652265 0
1683486563082 0.2037391194580384 0
1683487118695 0.18296787435369574 0
1683487674009 0.16675367998534968 0
1683488229278 0.16070501803838097 0
1683488784118 0.14826914489790052 0
1683489339463 0.12989016428578307 0
1683489894324 0.14035136975584703 0
1683490448320 0.14645919795655143 0
1683491003851 0.12513507904377033 0
1683491558032 0.11546894460186917 0
1683492113371 0.09004473494473425 0
1683492668076 0.09840675329741248 0
1683493223380 0.08378902373216444 0
1683493778387 0.07492659538841479 0
1683494332671 0.08127896724476603 0
1683494887265 0.09188744319928677 0
1683495442987 0.05571322891900172 0
1683495996980 0.06931140578978941 0
1683496553716 0.06297832747034089 0
1683497109309 0.05180938907163714 0
1683497663409 0.08102394216812678 0
1683498218421 0.11093754247897665 0
1683498773477 0.061322026444291855 0
1683499328407 0.042447845201404155 0
1683499883528 0.042885586749963796 0
1683500439014 0.027167373888177512 0
1683500993665 0.029546124941326857 0
1683501550341 0.03414212111034029 0
1683502106060 0.03343131149335791 0
1683502661810 0.04271045901202553 0
1683503217040 0.014820561759515719 0
